28
29
30
31
57
56
55
54
80
81
82
83
85
86
87
88
89
63
62
61
60
59
33
34
35
36
37
13
14
40
40
66
65
39
91
92
94
95
96
97
98
72
46
45
44
43
42
68
69
70
71
48
49
50
51
77
103
102
101
100
74
75
76
155
181
180
154
153
179
178
152
150
149
175
201
227
226
225
224
250
251
252
253
279
305
331
332
306
280
254
228
202
176
173
172
171
170
169
168
167
166
140
141
142
143
144
145
146
147
196
195
221
222
248
247
245
244
243
242
241
267
293
319
320
294
268
216
190
164
137
163
189
215
138
217
218
219
135
134
133
132
158
159
160
161
213
212
211
210
209
239
265
291
317
316
315
314
313
287
261
235
236
237
238
264
290
289
288
262
263
365
366
367
368
369
395
421
447
473
472
471
470
469
391
392
393
394
420
446
445
444
443
417
418
419
371
372
398
397
423
424
450
449
475
476
478
479
480
481
482
483
484
485
459
458
457
456
455
454
453
452
400
374
348
322
296
297
298
301
302
303
329
355
381
407
406
405
404
403
402
401
531
530
529
528
527
553
554
555
556
525
524
523
522
548
549
550
551
577
603
629
628
602
576
599
600
626
625
678
679
680
681
682
683
684
685
686
687
712
711
710
709
708
707
706
705
704
713
605
606
632
631
657
658
608
609
610
611
612
613
614
615
640
641
639
638
637
636
635
634
663
689
715
716
690
664
692
718
720
721
722
723
724
725
726
727
700
699
698
697
701
696
670
644
618
617
643
669
695
694
693
719
536
562
563
564
565
566
540
539
538
537
542
568
594
620
646
647
621
595
569
570
545
571
544
543
624
623
649
650
494
493
492
491
490
464
438
412
386
387
388
389
390
416
442
468
467
466
439
439
413
465
440
414
415
441
338
312
286
260
234
233
232
231
230
256
282
308
334
335
336
337
259
285
311
310
284
258
257
283
309
383
384
410
409
435
462
488
487
461
436
507
533
559
560
534
508
269
278
